308
561
588
619
722
723
982
1386
1831
2366
2369
2370
2538
2588
2820
2822
3123
3360
3424
3535
3553
3751
3753
4036
4138
4505
4592
2415075
2415110
2415132
61571
61605
107926
107967
107970
150365
150429
285650
285707
285710
285738
285769
285822
285908
285910
285927
285990
286004
286019
286021
286099
497913
497940
497973
498006
498008
498019
498168
498391
713008
713043
713048
713188
713207
713331
713369
713393
713406
713442
713479
713518
713527
713615
713680
713697
713723
713922
713943
1159281
1159301
1159355
1159373
1159610
1159654
1159975
1159995
1160042
1160209
1591829
1591911
1591917
1592064
1592123
1592139
1592176
1592181
1592231
1592234
1592252
1592359
1592384
1592385
1592395
1592440
1592443
1592555
1592560
1592652
1592658
1592715
1592732
1592815
1592878
1592944
1592956
1592975
1593035
1593101
1593164
1593176
1593220
1593239
2414926
2414699
2414629
2414534
2414471
2414194
2414053
2414023
2413945
2413877
2413856
2413820
2413575
2413171
2412988
2412707
2412702
2412687
2412607
2412575
2412551
2412546
2412519
2412384
2412256
2412049
2411907
2411557
2411487
2411467
2411402
2411398
2411357
2411302
2411201
2411079
2411072
2410967
2410952
2410921
2410917
2410848
2410840
2410817
2410768
2410668
2410661
2410503
2410467
2410392
2410366
2410355
2410321
2410303
2410228
2410221
2410208
2410190
2410152
2410147
2410104
2409991
2409988
2409954
2409920
2409891
2409859
2409823
2409740
2409733
2409721
2409697
2409626
2409618
2409608
2409587
2409551
2409544
2409464
2409432
2409417
2409404
2409304
2409292
2409245
2409228
2409205
2409103
2409094
2409093
2409092
2409085
2409069
2408616
2408633
2408641
2408663
2408692
2408745
2408746
2408755
2408785
2408788
2408799
2408852
2408931
2408962
2409022
2408562
2408498
2408487
2408483
2408383
2408376
2408366
2408356
2408348
2408331
2408302
2408268
2408216
2408210
2408114
2408110
2408081
2408037
2408017
2407990
2407958
2407878
2407835
2407825
2407815
2407763
2407734
2407677
2407659
2407612
2407605
2407543
2407532
2407510
2407497
2407463
2407435
2407359
2407258
2407234
2407227
2407175
2407171
2407132
2407002
2406999
2406977
2406944
2406932
2406866
2406824
2406821
2406798
2406744
2406726
2406661
2406607
2406596
2406584
2406520
2406485
2406421
2406384
2406327
2406301
2406283
2406275
2406272
2406155
2406144
2406100
2406003
2406001
2405949
2405945
2405853
2405723
2405708
2405633
2405624
2405623
2405555
2405542
2405484
2405469
2405432
2405419
2405397
2405371
2405369
2405343
2405325
2405307
2405241
2405157
2405125
2405103
2405079
2405063
2405034
2404956
2404933
2404862
2404852
2404844
2404815
2404759
2404746
2404707
2404687
2404669
2404666
2404537
2404534
2404482
2404396
2404245
2404204
2404193
2404163
2404081
2404080
2404075
2404067
2404065
2404005
2403996
2403975
2403923
2403915
2403914
2403863
2403837
2403836
2403772
2403767
2403710
2403695
2403639
2403560
2403537
2403520
2403516
2403510
2403430
2403391
2403359
2403355
2403341
2403329
2403245
2403229
2403205
2403190
2403153
2403149
2403124
2403075
2403057
2403048
2403037
2402984
2402933
2402907
2402906
2402905
2402904
2402902
2402842
2402822
2402774
2402737
2402665
2402657
2402597
2402433
2402417
2402370
2402363
2402353
2402351
2402349
2402346
2402324
2402286
2402211
2402114
2402100
2402079
2402059
2402021
2401953
2401935
2401918
2401902
2401877
2401870
2401792
2401778
2401769
2401643
2401465
2401362
2401273
2401271
2401247
2401173
2401137
2401124
2401110
2401103
2401083
2401068
2401024
2401017
2401004
2400993
2400991
2400968
2400958
2400930
2400922
2400868
2400865
2400805
2400793
2400727
2400679
2400642
2400608
2400563
2400490
2400462
2400408
2400378
2400374
2400373
2400370
2400368
2400362
2400303
2400275
2400264
2400235
2400135
2400114
2400105
2400016
2399997
2399913
2399821
2399812
2399801
2399778
2399755
2399686
2399677
2399674
2399606
2399604
2399560
2399559
2399492
2399469
2399443
2399405
2399354
2399346
2399298
2399236
2399233
2399218
2399207
2399125
2399121
2399069
2399053
2399037
2399017
2398985
2398953
2398939
2398862
2398837
2398814
2398702
2398619
2398614
2398612
2398609
2398544
2398532
2398506
2398476
2398449
2398398
2398380
2398376
2398334
2398312
2398190
2398189
2398164
2398088
2398065
2398047
2398018
2397958
2397952
2397926
2397908
2397828
2397787
2397768
2397742
2397739
2397731
2397704
2397601
2397585
2397480
2397475
2397422
2397368
2397343
2397341
2397327
2397306
2397277
2397247
2397219
2397204
2397203
2397193
2397185
2397165
2397149
2397138
2397033
2396989
2396988
2396912
2396875
2396865
2396838
2396762
2396753
2396743
2396623
2396616
2396549
2396530
2396444
2396422
2396392
2396350
2396329
2396246
2396241
2396209
2396180
2396164
2396130
2396084
2396028
2396020
2395961
2395925
2395889
2395888
2395818
2395809
2395806
2395778
2395775
2395748
2395684
2395670
2395636
2395632
2395551
2395520
2395473
2395470
2395402
2395395
2395374
2395369
2395277
2395227
2395217
2395207
2395176
2395166
2395104
2395100
2395074
2394992
2394980
2394945
2394941
2394927
2394890
2394882
2394836
2394687
2394681
2394647
2394623
2394611
2394550
2394499
2394449
2394435
2394390
2394378
2394372
2394367
2394322
2394277
2394272
2394246
2394191
2394177
2394168
2394144
2394117
2394079
2394065
2394048
2394025
2393998
2393935
2393921
2393918
2393911
2393895
2393810
2393800
2393780
2393779
2393765
2393729
2393720
2393695
2393666
2393598
2393597
2393574
2393573
2393492
2393366
2393362
2393339
2393332
2393315
2393305
2393301
2393247
2393173
2393164
2393152
2393070
2393011
2392976
2392895
2392793
2392690
2392688
2392675
2392606
2392589
2392586
2392565
2392560
2392521
2392426
2392399
2392380
2392334
2392212
2392202
2392197
2392185
2392123
2392115
2392036
2392033
2391972
2391905
2391890
2391853
2391849
2391842
2391829
2391808
2391800
2391761
2391743
2391742
2391725
2391682
2391679
2391639
2391621
2391620
2391586
2391559
2391558
2391492
2391488
2391472
2391456
2391450
2391432
2391364
2391328
2391307
2391269
2391180
2391114
2391053
2390997
2390979
2390976
2390915
2390800
2390745
2390732
2390687
2390683
2390672
2390652
2390598
2390588
2390585
2390566
2390556
2390552
2390511
2390506
2390483
2390441
2390360
2390326
2390301
2390235
2390214
2390177
2390135
2390107
2390039
2390032
2390028
2389952
2389867
2389793
2389777
2389773
2389769
2389746
2389743
2389636
2389614
2389547
2389504
2389494
2389474
2389470
2389461
2389381
2389240
2389127
2389092
2389064
2388985
2388972
2388958
2388957
2388954
2388780
2388743
2388738
2388726
2388687
2388671
2388648
2388607
2388569
2388519
2388490
2388468
2388428
2388419
2388411
2388375
2388328
2388323
2388320
2388319
2388263
2388214
2388197
2388171
2388066
2388048
2388043
2388019
2388013
2388004
2387995
2387950
2387928
2387924
2387900
2387897
2387864
2387862
2387814
2387784
2387774
2387738
2387669
2387596
2387489
2387472
2387470
2387448
2387430
2387387
2387346
2387327
2387315
2387231
2387189
2387140
2387137
2387128
2387120
2387104
2387080
2387032
2386918
2386907
2386876
2386802
2386795
2386762
2386758
2386721
2386631
2386620
2386600
2386557
2386528
2386513
2386512
2386459
2386449
2386443
2386435
2386411
2386323
2386317
2386293
2386233
2386212
2386173
2386160
2386158
2386155
2386134
2386116
2386059
2386048
2386037
2386032
2386031
2386010
2386001
2385955
2385923
2385901
2385897
2385858
2385853
2385784
2385762
2385757
2385725
2385716
2385630
2385626
2385624
2385595
2385566
2385539
2385490
2385466
2385453
2385345
2385341
2385299
2385228
2385023
2384976
2384917
2384905
2384885
2384874
2384866
2384862
2384849
2384801
2384787
2384643
2384596
2384576
2384575
2384567
2384563
2384517
2384455
2384452
2384424
2384339
2384322
2384244
2384125
2384109
2384105
2384081
2383996
2383956
2383950
2383945
2383900
2383868
2383771
2383718
2383701
2383663
2383550
2383524
2383516
2383440
2383439
2383376
2383252
2383244
2383242
2383229
2383227
2383220
2383186
2383170
2383096
2383045
2383042
2383020
2383001
2382982
2382961
2382950
2382936
2382890
2382854
2382825
2382814
2382789
2382722
2382688
2382687
2382674
2382659
2382612
2382572
2382565
2382548
2382519
2382513
2382504
2382502
2382489
2382466
2382434
2382411
2382399
2382396
2382362
2382301
2382281
2382269
2382256
2382231
2382219
2382157
2382139
2382138
2382121
2382098
2382082
2382042
2382026
2381952
2381848
2381777
2381760
2381707
2381664
2381657
2381618
2381550
2381549
2381516
2381489
2381479
2381433
2381417
2381403
2381402
2381375
2381352
2381347
2381336
2381223
2381209
2381101
2381084
2381059
2380985
2380968
2380956
2380929
2380923
2380921
2380863
2380834
2380827
2380825
2380802
2380787
2380778
2380760
2380687
2380655
2380606
2380559
2380554
2380480
2380470
2380409
2380329
2380298
2380294
2380271
2380239
2380237
2380227
2380226
2380220
2380181
2380115
2380091
2380064
2380043
2380022
2379956
2379913
2379912
2379893
2379875
2379867
2379832
2379791
2379786
2379774
2379730
2379710
2379667
2379519
2379499
2379497
2379484
2379476
2379470
2379464
2379404
2379316
2379263
2379225
2379207
2379154
2379063
2379023
2379017
2378967
2378957
2378902
2378890
2378872
2378865
2378801
2378774
2378740
2378738
2378723
2378696
2378587
2378582
2378498
2378475
2378437
2378384
2378319
2378299
2378235
2378212
2378155
2378105
2378073
2378038
2378031
2378020
2378013
2377964
2377946
2377944
2377932
2377864
2377830
2377729
2377704
2377695
2377691
2377573
2377557
2377541
2377531
2377474
2377469
2377466
2377429
2377411
2377385
2377375
2377314
2377282
2377255
2377200
2377194
2377179
2377159
2377157
2377113
2377106
2377096
2377018
2377013
2376950
2376933
2376812
2376794
2376697
2376696
2376687
2376672
2376639
2376600
2376567
2376556
2376554
2376547
2376541
2376529
2376475
2376456
2376453
2376444
2376406
2376396
2376395
2376391
2376219
2376173
2376140
2376134
2376108
2376104
2376077
2376062
2376054
2376031
2376011
2375995
2375942
2375910
2375883
2375856
2375845
2375783
2375658
2375654
2375612
2375589
2375586
2375570
2375561
2375539
2375451
2375447
2375428
2375426
2375328
2375307
2375263
2375173
2375125
2375053
2375042
2375023
2375022
2375017
2374958
2374957
2374930
2374913
2374891
2374831
2374798
2374749
2374745
2374739
2374723
2374720
2374649
2374629
2374573
2374570
2374386
2374268
2374195
2374188
2374180
2374143
2374132
2374120
2374092
2374046
2374026
2374013
2373955
2373852
2373831
2373754
2373751
2373736
2373696
2373693
2373624
2373620
2373581
2373533
2373502
2373484
2373458
2373415
2373351
2373340
2373288
2373286
2373186
2373179
2373170
2373166
2373158
2373155
2373146
2373141
2373109
2373081
2373073
2372988
2372968
2372898
2372856
2372770
2372721
2372715
2372694
2372618
2372605
2372598
2372581
2372493
2372434
2372332
2372308
2372293
2372284
2372176
2372148
2372091
2372055
2372046
2372037
2372018
2371995
2371967
2371965
2371922
2371865
2371836
2371815
2371798
2371780
2371691
2371675
2371670
2371647
2371632
2371612
2371528
2371520
2371482
2371467
2371456
2371440
2371420
2371402
2371386
2371268
2371249
2371220
2371186
2371169
2371139
2371137
2371119
2371106
2371079
2371032
2371031
2371023
2371004
2370923
2370884
2370877
2370845
2370819
2370783
2370758
2370727
2370711
2370710
2370667
2370660
2370659
2370647
2370620
2370508
2370381
2370359
2370344
2370342
2370332
2370247
2370240
2370218
2370216
2370212
2370203
2370145
2370107
2370040
2370023
2370001
2369968
2369966
2369959
2369919
2369860
2369845
2369783
2369771
2369749
2369718
2369591
2369524
2369480
2369464
2369450
2369441
2369402
2369287
2369277
2369270
2369219
2369174
2369147
2369089
2369028
2369004
2368944
2368925
2368914
2368907
2368889
2368853
2368848
2368834
2368813
2368737
2368734
2368714
2368671
2368661
2368621
2368610
2368563
2368507
2368459
2368444
2368435
2368434
2368426
2368415
2368390
2368310
2368304
2368196
2368195
2368179
2368165
2368162
2368057
2368054
2367842
2367819
2367813
2367771
2367745
2367710
2367662
2367636
2367634
2367608
2367595
2367556
2367545
2367523
2367512
2367511
2367488
2367448
2367433
2367409
2367351
2367331
2367303
2367293
2367272
2367256
2367250
2367226
2367186
2367152
2367136
2367127
2367120
2367068
2367060
2367018
2366975
2366961
2366946
2366945
2366880
2366872
2366852
2366850
2366845
2366841
2366813
2366746
2366734
2366722
2366660
2366640
2366624
2366619
2366617
2366573
2366567
2366520
2366433
2366422
2366353
2366300
2366235
2366230
2366211
2366201
2366156
2366052
2366038
2366037
2366017
2365964
2365905
2365890
2365888
2365881
2365847
2365840
2365821
2365787
2365771
2365761
2365712
2365600
2365586
2365556
2365524
2365517
2365507
2365505
2365471
2365446
2365347
2365318
2365285
2365207
2365191
2365164
2365163
2365148
2365064
2365044
2365030
2365002
2364999
2364866
2364853
2364811
2364774
2364766
2364719
2364637
2364603
2364568
2364543
2364540
2364515
2364504
2364484
2364448
2364444
2364424
2364386
2364372
2364318
2364253
2364244
2364208
2364202
2364130
2364099
2364097
2364024
2364005
2363979
2363971
2363909
2363861
2363848
2363820
2363819
2363818
2363815
2363812
2363811
2363804
2363682
2363668
2363601
2363594
2363530
2363495
2363486
2363436
2363425
2363417
2363402
2363392
2363386
2363350
2363343
2363299
2363292
2363273
2363272
2363267
2363247
2363038
2363035
2363026
2363024
2362972
2362957
2362928
2362815
2362804
2362800
2362763
2362724
2362696
2362620
2362606
2362554
2362553
2362530
2362525
2362473
2362446
2362418
2362394
2362392
2362379
2362334
2362323
2362262
2362196
2362161
2362106
2362093
2362048
2361973
2361930
2361883
2361867
2361824
2361821
2361813
2361800
2361674
2361653
2361603
2361576
2361561
2361555
2361553
2361552
2361550
2361529
2361504
2361492
2361415
2361398
2361391
2361385
2361383
2361344
2361232
2361220
2361186
2361109
2361103
2361100
2361091
2361067
2361053
2360947
2360910
2360869
2360784
2360774
2360763
2360725
2360679
2360647
2360637
2360562
2360559
2360502
2360497
2360464
2360443
2360436
2360409
2360407
2360381
2360357
2360320
2360314
2360299
2360290
2360263
2360221
2360211
2360206
2360194
2360145
2360057
2359982
2359950
2359938
2359911
2359887
2359843
2359809
2359753
2359741
2359576
2359569
2359424
2359414
2359404
2359384
2359349
2359340
2359242
2359221
2359215
2359181
2359172
2359073
2359062
2359049
2359038
2359012
2359002
2358997
2358936
2358926
2358914
2358897
2358851
2358799
2358790
2358778
2358758
2358666
2358663
2358662
2358659
2358650
2358622
2358614
2358535
2358498
2358486
2358453
2358434
2358430
2358354
2358350
2358221
2358192
2357996
2357995
2357994
2357991
2357938
2357815
2357802
2357776
2357749
2357732
2357723
2357696
2357693
2357667
2357646
2357632
2357613
2357609
2357573
2357556
2357457
2357329
2357191
2357190
2357149
2357063
2356999
2356920
2356904
2356877
2356836
2356811
2356804
2356762
2356713
2356701
2356624
2356619
2356554
2356473
2356466
2356431
2356338
2356330
2356322
2356259
2356153
2356116
2356084
2356069
2356036
2355985
2355964
2355950
2355944
2355913
2355910
2355865
2355811
2355780
2355727
2355679
2355612
2355607
2355604
2355582
2355579
2355565
2355561
2355547
2355535
2355519
2355511
2355465
2355409
2355391
2355348
2355347
2355329
2355312
2355304
2355278
2355266
2355263
2355256
2355249
2355172
2355121
2355029
2354939
2354847
2354835
2354821
2354796
2354782
2354779
2354681
2354589
2354569
2354557
2354523
2354516
2354515
2354497
2354494
2354475
2354471
2354435
2354382
2354373
2354357
2354353
2354285
2354098
2354091
2354073
2354036
2354029
2353983
2353969
2353948
2353942
2353922
2353822
2353801
2353781
2353760
2353702
2353644
2353595
2353581
2353558
2353527
2353514
2353510
2353501
2353490
2353477
2353468
2353465
2353457
2353404
2353398
2353381
2353356
2353237
2353197
2353191
2353113
2353062
2353034
2353016
2353001
2352998
2352946
2352906
2352886
2352844
2352786
2352783
2352782
2352757
2352752
2352743
2352717
2352644
2352588
2352582
2352573
2352572
2352547
2352502
2352484
2352450
2352435
2352433
2352358
2352355
2352286
2352271
2352170
2352130
2352122
2352119
2352028
2351991
2351971
2351969
2351950
2351907
2351887
2351872
2351824
2351820
2351815
2351814
2351811
2351770
2351698
2351657
2351640
2351550
2351522
2351513
2351477
2351442
2351437
2351390
2351380
2351210
2351205
2351204
2351195
2351186
2351180
2351173
2351140
2351083
2351028
2351024
2350995
2350986
2350958
2350951
2350820
2350764
2350743
2350646
2350616
2350609
2350595
2350539
2350513
2350468
2350435
2350379
2350336
2350325
2350312
2350300
2350284
2350211
2350157
2350150
2350109
2350075
2350002
2349993
2349903
2349888
2349814
2349786
2349769
2349745
2349743
2349742
2349696
2349682
2349664
2349616
2349597
2349591
2349557
2349556
2349551
2349548
2349547
2349509
2349448
2349421
2349414
2349288
2349281
2349275
2349268
2349222
2349206
2349129
2349122
2349054
2349022
2349001
2348963
2348956
2348946
2348882
2348854
2348849
2348841
2348791
2348754
2348730
2348709
2348690
2348603
2348573
2348571
2348556
2348554
2348551
2348541
2348502
2348412
2348407
2348398
2348342
2348318
2348310
2348288
2348277
2348268
2348263
2348256
2348253
2348134
2348065
2348054
2347998
2347869
2347862
2347851
2347824
2347813
2347801
2347733
2347727
2347725
2347660
2347591
2347526
2347508
2347481
2347473
2347413
2347373
2347340
2347332
2347300
2347254
2347245
2347233
2347216
2347131
2347070
2347027
2346970
2346945
2346902
2346869
2346853
2346821
2346815
2346789
2346772
2346765
2346751
2346637
2346631
2346613
2346595
2346513
2346434
2346410
2346390
2346349
2346247
2346243
2346200
2346197
2346157
2346086
2345976
2345947
2345931
2345905
2345848
2345831
2345818
2345765
2345710
2345658
2345642
2345635
2345625
2345623
2345594
2345593
2345562
2345544
2345543
2345532
2345520
2345465
2345386
2345384
2345375
2345168
2345151
2345130
2345110
2345089
2345077
2345068
2344997
2344939
2344922
2344881
2344769
2344729
2344677
2344647
2344635
2344629
2344583
2344528
2344526
2344499
2344455
2344439
2344358
2344348
2344297
2344257
2344234
2344228
2344218
2344193
2344170
2344149
2344110
2344086
2344063
2344055
2343907
2343751
2343727
2343687
2343674
2343670
2343597
2343539
2343526
2343510
2343496
2343433
2343330
2343312
2343283
2343247
2343212
2343194
2343165
2343149
2343137
2343095
2343086
2343060
2343038
2343017
2342959
2342900
2342857
2342762
2342671
2342591
2342584
2342562
2342557
2342550
2342517
2342481
2342480
2342460
2342429
2342372
2342359
2342317
2342285
2342284
2342274
2342237
2342235
2342226
2342220
2342203
2342123
2342016
2342008
2341937
2341928
2341891
2341856
2341802
2341793
2341743
2341726
2341677
2341652
2341651
2341629
2341610
2341577
2341570
2341538
2341401
2341393
2341369
2341368
2341324
2341296
2341254
2341219
2341204
2341172
2341102
2341071
2341068
2341065
2341045
2341039
2340967
2340940
2340912
2340860
2340815
2340814
2340709
2340687
2340686
2340632
2340627
2340622
2340500
2340498
2340494
2340457
2340388
2340385
2340353
2340339
2340219
2340216
2340178
2340173
2340094
2340021
2339981
2339890
2339807
2339803
2339782
2339777
2339770
2339756
2339698
2339641
2339632
2339617
2339561
2339512
2339511
2339493
2339455
2339453
2339367
2339348
2339341
2339336
2339318
2339276
2339262
2339238
2339221
2339172
2339161
2339158
2339140
2339137
2339126
2339089
2339057
2339024
2339022
2339015
2338984
2338955
2338939
2338851
2338833
2338807
2338721
2338677
2338674
2338535
2338522
2338488
2338473
2338441
2338393
2338275
2338267
2338251
2338227
2338191
2338171
2338165
2338148
2338125
2338123
2338103
2338060
2338012
2338009
2337950
2337784
2337777
2337775
2337684
2337628
2337587
2337505
2337501
2337466
2337421
2337414
2337403
2337324
2337303
2337260
2337254
2337205
2337125
2337116
2337103
2337086
2337084
2337079
2337026
2337020
2336958
2336848
2336842
2336811
2336805
2336802
2336773
2336716
2336712
2336693
2336673
2336574
2336560
2336558
2336543
2336540
2336538
2336530
2336523
2336458
2336448
2336406
2336402
2336397
2336257
2336234
2336182
2336147
2336115
2336108
2336077
2336076
2336055
2336045
2336027
2336017
2335936
2335892
2335827
2335823
2335788
2335765
2335707
2335655
2335618
2335589
2335576
2335550
2335531
2335487
2335476
2335451
2335388
2335375
2335354
2335241
2335189
2335178
2335118
2335104
2335060
2335002
2334964
2334958
2334936
2334929
2334928
2334891
2334806
2334776
2334734
2334613
2334611
2334602
2334597
2334564
2334543
2334526
2334482
2334422
2334398
2334389
2334375
2334374
2334367
2334355
2334330
2334302
2334270
2334261
2334244
2334236
2334223
2334201
2334171
2334067
2333946
2333902
2333895
2333884
2333871
2333861
2333842
2333827
2333815
2333804
2333800
2333703
2333690
2333618
2333590
2333579
2333573
2333484
2333478
2333443
2333438
2333369
2333301
2333300
2333272
2333171
2333137
2333059
2332921
2332847
2332835
2332785
2332750
2332745
2332720
2332715
2332614
2332607
2332586
2332583
2332540
2332528
2332513
2332458
2332418
2332339
2332334
2332327
2332157
2332109
2331992
2331954
2331948
2331890
2331781
2331774
2331721
2331684
2331647
2331644
2331620
2331569
2331525
2331519
2331500
2331395
2331382
2331291
2331267
2331257
2331254
2331238
2331196
2331177
2331118
2331117
2331108
2331072
2331066
2331063
2331051
2331050
2330952
2330843
2330800
2330764
2330762
2330759
2330693
2330686
2330673
2330660
2330619
2330563
2330531
2330505
2330481
2330479
2330389
2330381
2330356
2330218
2330214
2330194
2330184
2330173
2330171
2330159
2330067
2330053
2330002
2329997
2329942
2329912
2329892
2329885
2329879
2329851
2329840
2329779
2329752
2329720
2329709
2329691
2329676
2329647
2329590
2329565
2329537
2329456
2329428
2329426
2329347
2329335
2329309
2329292
2329275
2329206
2329146
2329129
2329102
2328987
2328975
2328960
2328916
2328890
2328885
2328869
2328852
2328838
2328823
2328811
2328804
2328764
2328746
2328733
2328720
2328709
2328633
2328591
2328568
2328461
2328436
2328347
2328274
2328158
2328107
2328105
2328090
2328085
2328062
2328037
2328028
2328011
2327968
2327755
2327736
2327725
2327657
2327653
2327640
2327581
2327579
2327540
2327519
2327453
2327418
2327415
2327364
2327357
2327348
2327346
2327333
2327325
2327286
2327260
2327243
2327186
2327167
2327076
2327030
2326960
2326926
2326904
2326860
2326842
2326822
2326814
2326801
2326800
2326727
2326677
2326623
2326613
2326608
2326602
2326587
2326579
2326569
2326545
2326497
2326452
2326335
2326326
2326242
2326241
2326204
2326167
2326142
2326056
2326052
2326044
2326015
2325970
2325910
2325838
2325767
2325699
2325690
2325645
2325642
2325623
2325613
2325567
2325561
2325536
2325500
2325492
2325442
2325434
2325431
2325387
2325354
2325266
2325178
2325166
2325037
2324993
2324981
2324961
2324950
2324946
2324943
2324942
2324914
2324908
2324808
2324783
2324645
2324642
2324635
2324627
2324569
2324546
2324536
2324518
2324493
2324478
2324476
2324418
2324410
2324405
2324403
2324371
2324355
2324236
2324234
2324232
2324193
2324192
2324151
2324116
2324106
2324083
2324062
2324053
2323947
2323945
2323916
2323880
2323850
2323804
2323802
2323746
2323734
2323699
2323635
2323629
2323585
2323551
2323545
2323473
2323470
2323429
2323367
2323342
2323306
2323280
2323250
2323242
2323208
2323139
2323054
2322940
2322905
2322897
2322883
2322864
2322848
2322792
2322781
2322772
2322764
2322745
2322712
2322707
2322634
2322607
2322523
2322516
2322492
2322427
2322354
2322293
2322281
2322259
2322231
2322220
2322200
2322176
2322173
2322106
2322100
2322093
2322086
2322045
2322034
2322018
2321977
2321901
2321841
2321821
2321819
2321730
2321676
2321671
2321661
2321557
2321544
2321511
2321507
2321501
2321342
2321295
2321237
2321208
2321145
2321114
2321113
2321109
2321059
2320984
2320932
2320878
2320868
2320836
2320795
2320765
2320708
2320693
2320691
2320689
2320655
2320636
2320581
2320543
2320542
2320517
2320476
2320460
2320410
2320384
2320335
2320130
2320118
2320102
2320097
2319894
2319884
2319880
2319875
2319848
2319825
2319779
2319764
2319745
2319741
2319723
2319626
2319590
2319521
2319382
2319357
2319347
2319336
2319335
2319334
2319320
2319295
2319239
2319137
2319055
2319038
2318999
2318965
2318961
2318934
2318892
2318890
2318887
2318876
2318872
2318850
2318783
2318754
2318692
2318635
2318586
2318515
2318441
2318432
2318384
2318379
2318372
2318369
2318364
2318308
2318166
2318154
2318152
2318115
2318093
2318049
2318030
2317995
2317985
2317981
2317971
2317892
2317863
2317786
2317705
2317661
2317644
2317636
2317627
2317615
2317573
2317523
2317502
2317457
2317433
2317387
2317373
2317353
2317314
2317283
2317263
2317257
2317216
2317153
2317093
2317067
2317003
2317002
2316980
2316968
2316952
2316886
2316873
2316809
2316789
2316735
2316723
2316688
2316635
2316592
2316506
2316488
2316480
2316469
2316450
2316441
2316429
2316395
2316349
2316274
2316242
2316222
2316215
2316174
2316170
2316169
2316162
2316137
2316133
2316120
2316083
2316075
2316054
2316053
2316038
2316030
2315991
2315977
2315921
2315889
2315875
2315872
2315773
2315763
2315718
2315716
2315606
2315589
2315539
2315468
2315458
2315447
2315441
2315393
2315374
2315371
2315354
2415004
2414947
2414781
2414767
2414764
2414707
2414605
2414515
2414390
2414354
2414322
2414304
2414301
2414213
2414187
2414082
2414070
2413880
2413867
2413785
2413753
2413634
2413619
2413586
2413579
2413578
2413539
2413531
2413527
2413444
2413397
2413350
2413296
2413278
2413202
2413162
2413160
2412997
2412940
2412877
2412854
2412794
2412759
2412718
2412671
2412564
2412430
2412423
2412382
2412342
2412325
2412215
2412112
2412108
2411951
2411944
2411937
2411869
2411802
2411794
2411786
2411743
2411734
2411642
2411620
2411612
2411601
2411533
2415206
2415243
2415276
2415378
2415382
2415407
2415422
2415470
2415532
2415617
2415693
2415707
2415711
2415911
2415965
2416051
2416114
2416117
2416124
2416154
2416178
2416185
2416193
2416195
2416233
2416234
2416252
2416279
2416340
2416348
2416379
2416388
2416400
2416402
2416422
2416435
2416449
2416465
2416475
2416505
2416544
2416652
2416685
2416699
2416731
2416740
2416755
2416796
2416819
2416836
2416855
2416861
2416880
2416883
2416920
2416944
2416953
2416968
2416991
2417119
2417144
2417150
2417154
2417191
2417227
2417299
2417302
2417360
2417381
2417422
2417487
2417556
2417574
2417584
2417648
2417666
2417721
2417730
2417732
2417767
2417801
2417829
2417844
2417861
2417872
2417873
2417890
2417899
2417914
