2377385
2377411
2377429
2377466
2377469
2377474
2377531
2377541
2377557
2377573
2377691
2377695
2377704
2377729
2377830
2377864
2377932
2377944
2377946
2377964
2378013
2378020
2378031
2378038
2378073
2378105
2378155
2378212
2378235
2378299
2378319
2378384
2378437
2378475
2378498
2378582
2378587
2378696
2378723
2378738
2378740
2378774
2378801
2378865
2378872
2378890
2378902
2378957
2378967
2379017
2379023
2379063
2379154
2379207
2379225
2379263
2379316
2379404
2379464
2379470
2379476
2379484
2379497
2379499
2379519
2379667
2379710
2379730
2379774
2379786
2379791
2379832
2379867
2379875
2379893
2379912
2379913
2379956
2380022
2380043
2380064
2380091
2380115
2380181
2380220
2380226
2380227
2380237
2380239
2380271
2380294
2380298
2380329
2380409
2380470
2380480
2380554
2380559
2380606
2380655
2380687
2380760
2380778
2380787
2380802
2380825
2380827
2380834
2380863
2380921
2380923
2380929
2380956
2380968
2380985
2381059
2381084
2381101
2381209
2381223
2381336
2381347
2381352
2381375
2381402
2381403
2381417
2381433
2381479
2381489
2381516
2381549
2381550
2381618
2381657
2381664
2381707
2381760
2381777
2381848
2381952
2382026
2382042
2382082
2382098
2382121
2382138
2382139
2382157
2382219
2382231
2382256
2382269
2382281
2382301
2382362
2382396
2382399
2382411
2382434
2382466
2382489
2382502
2382504
2382513
2382519
2382548
2382565
2382572
2382612
2382659
2382674
2382687
2382688
2382722
2382789
2382814
2382825
2382854
2382890
2382936
2382950
2382961
2382982
2383001
2383020
2383042
2383045
2383096
2383170
2383186
2383220
2383227
2383229
2383242
2383244
2383252
2383376
2383439
2383440
2383516
2383524
2383550
2383663
2383701
2383718
2383771
2383868
2383900
2383945
2383950
2383956
2383996
2384081
2384105
2384109
2384125
2384244
2384322
2384339
2384424
2384452
2384455
2384517
2384563
2384567
2384575
2384576
2384596
2384643
2384787
2384801
2384849
2384862
2384866
2384874
2384885
2384905
2384917
2384976
2385023
2385228
2385299
2385341
2385345
2385453
2385466
2385490
2385539
2385566
2385595
2385624
2385626
2385630
2385716
2385725
2385757
2385762
2385784
2385853
2385858
2385897
2385901
2385923
2385955
2386001
2386010
2386031
2386032
2386037
2386048
2386059
2386116
2386134
2386155
2386158
2386160
2386173
2386212
2386233
2386293
2386317
2386323
2386411
2386435
2386443
2386449
2386459
2386512
2386513
2386528
2386557
2386600
2386620
2386631
2386721
2386758
2386762
2386795
2386802
2386876
2386907
2386918
2387032
2387080
2387104
2387120
2387128
2387137
2387140
2387189
2387231
2387315
2387327
2387346
2387387
2387430
2387448
2387470
2387472
2387489
2387596
2387669
2387738
2387774
2387784
2387814
2387862
2387864
2387897
2387900
2387924
2387928
2387950
2387995
2388004
2388013
2388019
2388043
2388048
2388066
2388171
2388197
2388214
2388263
2388319
2388320
2388323
2388328
2388375
2388411
2388419
2388428
2388468
2388490
2388519
2388569
2388607
2388648
2388671
2388687
2388726
2388738
2388743
2388780
2388954
2388957
2388958
2388972
2388985
2389064
2389092
2389127
2389240
2389381
2389461
2389470
2389474
2389494
2389504
2389547
2389614
2389636
2389743
2389746
2389769
2389773
2389777
2389793
2389867
2389952
2390028
2390032
2390039
2390107
2390135
2390177
2390214
2390235
2390301
2390326
2390360
2390441
2390483
2390506
2390511
2390552
2390556
2390566
2390585
2390588
2390598
2390652
2390672
2390683
2390687
2390732
2390745
2390800
2390915
2390976
2390979
2390997
2391053
2391114
2391180
2391269
2391307
2391328
2391364
2391432
2391450
2391456
2391472
2391488
2391492
2391558
2391559
2391586
2391620
2391621
2391639
2391679
2391682
2391725
2391742
2391743
2391761
2391800
2391808
2391829
2391842
2391849
2391853
2391890
2391905
2391972
2392033
2392036
2392115
2392123
2392185
2392197
2392202
2392212
2392334
2392380
2392399
2392426
2392521
2392560
2392565
2392586
2392589
2392606
2392675
2392688
2392690
2392793
2392895
2392976
2393011
2393070
2393152
2393164
2393173
2393247
2393301
2393305
2393315
2393332
2393339
2393362
2393366
2393492
2393573
2393574
2393597
2393598
2393666
2393695
2393720
2393729
2393765
2393779
2393780
2393800
2393810
2393895
2393911
2393918
2393921
2393935
2393998
2394025
2394048
2394065
2394079
2394117
2394144
2394168
2394177
2394191
2394246
2394272
2394277
2394322
2394367
2394372
2394378
2394390
2394435
2394449
2394499
2394550
2394611
2394623
2394647
2394681
2394687
2394836
2394882
2394890
2394927
2394941
2394945
2394980
2394992
2395074
2395100
2395104
2395166
2395176
2395207
2395217
2395227
2395277
2395369
2395374
2395395
2395402
2395470
2395473
2395520
2395551
2395632
2395636
2395670
2395684
2395748
2395775
2395778
2395806
2395809
2395818
2395888
2395889
2395925
2395961
2396020
2396028
2396084
2396130
2396164
2396180
2396209
2396241
2396246
2396329
2396350
2396392
2396422
2396444
2396530
2396549
2396616
2396623
2396743
2396753
2396762
2396838
2396865
2396875
2396912
2396988
2396989
2397033
2397138
2397149
2397165
2397185
2397193
2397203
2397204
2397219
2397247
2397277
2397306
2397327
2397341
2397343
2397368
2397422
2397475
2397480
2397585
2397601
2397704
2397731
2397739
2397742
2397768
2397787
2397828
2397908
2397926
2397952
2397958
2398018
2398047
2398065
2398088
2398164
2398189
2398190
2398312
2398334
2398376
2398380
2398398
2398449
2398476
2398506
2398532
2398544
2398609
2398612
2398614
2398619
2398702
2398814
2398837
2398862
2398939
2398953
2398985
2399017
2399037
2399053
2399069
2399121
2399125
2399207
2399218
2399233
2399236
2399298
2399346
2399354
2399405
2399443
2399469
2399492
2399559
2399560
2399604
2399606
2399674
2399677
2399686
2399755
2399778
2399801
2399812
2399821
2399913
2399997
2400016
2400105
2400114
2400135
2400235
2400264
2400275
2400303
2400362
2400368
2400370
2400373
2400374
2400378
2400408
2400462
2400490
2400563
2400608
2400642
2400679
2400727
2400793
2400805
2400865
2400868
2400922
2400930
2400958
2400968
2400991
2400993
2401004
2401017
2401024
2401068
2401083
2401103
2401110
2401124
2401137
2401173
2401247
2401271
2401273
2401362
2401465
2401643
2401769
2401778
2401792
2401870
2401877
2401902
2401918
2401935
2401953
2402021
2402059
2402079
2402100
2402114
2402211
2402286
2402324
2402346
2402349
2402351
2402353
2402363
2402370
2402417
2402433
2402597
2402657
2402665
2402737
2402774
2402822
2402842
2402902
2402904
2402905
2402906
2402907
2402933
2402984
2403037
2403048
2403057
2403075
2403124
2403149
2403153
2403190
2403205
2403229
2403245
2403329
2403341
2403355
2403359
2403391
2403430
2403510
2403516
2403520
2403537
2403560
2403639
2403695
2403710
2403767
2403772
2403836
2403837
2403863
2403914
2403915
2403923
2403975
2403996
2404005
2404065
2404067
2404075
2404080
2404081
2404163
2404193
2404204
2404245
2404396
2404482
2404534
2404537
2404666
2404669
2404687
2404707
2404746
2404759
2404815
2404844
2404852
2404862
2404933
2404956
2405034
2405063
2405079
2405103
2405125
2405157
2405241
2405307
2405325
2405343
2405369
2405371
2405397
2405419
2405432
2405469
2405484
2405542
2405555
2405623
2405624
2405633
2405708
2405723
2405853
2405945
2405949
2406001
2406003
2406100
2406144
2406155
2406272
2406275
2406283
2406301
2406327
2406384
2406421
2406485
2406520
2406584
2406596
2406607
2406661
2406726
2406744
2406798
2406821
2406824
2406866
2406932
2406944
2406977
2406999
2407002
2407132
2407171
2407175
2407227
2407234
2407258
2407359
2407435
2407463
2407497
2407510
2407532
2407543
2407605
2407612
2407659
2407677
2407734
2407763
2407815
2407825
2407835
2407878
2407958
2407990
2408017
2408037
2408081
2408110
2408114
2408210
2408216
2408268
2408302
2408331
2408348
2408356
2408366
2408376
2408383
2408483
2408487
2408498
2408562
2408616
2408633
2408641
2408663
2408692
2408745
2408746
2408755
2408785
2408788
2408799
2408852
2408931
2408962
2409022
2409069
2409085
2409092
2409093
2409094
2409103
2409205
2409228
2409245
2409292
2409304
2409404
2409417
2409432
2409464
2409544
2409551
2409587
2409608
2409618
2409626
2409697
2409721
2409733
2409740
2409823
2409859
2409891
2409920
2409954
2409988
2409991
2410104
2410147
2410152
2410190
2410208
2410221
2410228
2410303
2410321
2410355
2410366
2410392
2410467
2410503
2410661
2410668
2410768
2410817
2410840
2410848
2410917
2410921
2410952
2410967
2411072
2411079
2411201
2411302
2411357
2411398
2411402
2411467
2411487
2411533
2411557
2411601
2411612
2411620
2411642
2411734
2411743
2411786
2411794
2411802
2411869
2411907
2411937
2411944
2411951
2412049
2412108
2412112
2412215
2412256
2412325
2412342
2412382
2412384
2412423
2412430
2412519
2412546
2412551
2412564
2412575
2412607
2412671
2412687
2412702
2412707
2412718
2412759
2412794
2412854
2412877
2412940
2412988
2412997
2413160
2413162
2413171
2413202
2413278
2413296
2413350
2413397
2413444
2413527
2413531
2413539
2413575
2413578
2413579
2413586
2413619
2413634
2413753
2413785
2413820
2413856
2413867
2413877
2413880
2413945
2414023
2414053
2414070
2414082
2414187
2414194
2414213
2414301
2414304
2414322
2414354
2414390
2414471
2414515
2414534
2414605
2414629
2414699
2414707
2414764
2414767
2414781
2414926
2414947
2415004
2415075
2415110
2415132
2415206
2415243
2415276
2415378
2415382
2415407
2415422
2415470
2415532
2415617
2415693
2415707
2415711
2415911
2415965
2416051
2416114
2416117
2416124
2416154
2416178
2416185
2416193
2416195
2416233
2416234
2416252
2416279
2416340
2416348
2416379
2416388
2416400
2416402
2416422
2416435
2416449
2416465
2416475
2416505
2416544
2416652
2416685
2416699
2416731
2416740
2416755
2416796
2416819
2416836
2416855
2416861
2416880
2416883
2416920
2416944
2416953
2416968
2416991
2417119
2417144
2417150
2417154
2417191
2417227
2417299
2417302
2417360
2417381
2417422
2417487
2417556
2417574
2417584
2417648
2417666
2417721
2417730
2417732
2417767
2417801
2417829
2417844
2417861
2417872
2417873
2417890
2417899
2417914
308
561
588
619
722
723
982
1386
1831
2366
2369
2370
2538
2588
2820
2822
3123
3360
3424
3535
3553
3751
3753
4036
4138
4505
4592
