61571
61605
107926
107967
107970
150365
150429
285650
285707
285710
285738
285769
285822
285908
285910
285927
285990
286004
286019
286021
286099
497913
497940
497973
498006
498008
498019
498168
498391
713008
713043
713048
713188
713207
713331
713369
713393
713406
713442
713479
713518
713527
713615
713680
713697
713723
713922
713943
1159281
1159301
1159355
1159373
1159610
1159654
1159975
1159995
1160042
1160209
1591829
1591911
1591917
1592064
1592123
1592139
1592176
1592181
1592231
1592234
1592252
1592359
1592384
1592385
1592395
1592440
1592443
1592555
1592560
1592652
1592658
1592715
1592732
1592815
1592878
1592944
1592956
1592975
1593035
1593101
1593164
1593176
1593220
1593239
2377375
2377314
2377282
2377255
2377200
2377194
2377179
2377159
2377157
2377113
2377106
2377096
2377018
2377013
2376950
2376933
2376812
2376794
2376697
2376696
2376687
2376672
2376639
2376600
2376567
2376556
2376554
2376547
2376541
2376529
2376475
2376456
2376453
2376444
2376406
2376396
2376395
2376391
2376219
2376173
2376140
2376134
2376108
2376104
2376077
2376062
2376054
2376031
2376011
2375995
2375942
2375910
2375883
2375856
2375845
2375783
2375658
2375654
2375612
2375589
2375586
2375570
2375561
2375539
2375451
2375447
2375428
2375426
2375328
2375307
2375263
2375173
2375125
2375053
2375042
2375023
2375022
2375017
2374958
2374957
2374930
2374913
2374891
2374831
2374798
2374749
2374745
2374739
2374723
2374720
2374649
2374629
2374573
2374570
2374386
2374268
2374195
2374188
2374180
2374143
2374132
2374120
2374092
2374046
2374026
2374013
2373955
2373852
2373831
2373754
2373751
2373736
2373696
2373693
2373624
2373620
2373581
2373533
2373502
2373484
2373458
2373415
2373351
2373340
2373288
2373286
2373186
2373179
2373170
2373166
2373158
2373155
2373146
2373141
2373109
2373081
2373073
2372988
2372968
2372898
2372856
2372770
2372721
2372715
2372694
2372618
2372605
2372598
2372581
2372493
2372434
2372332
2372308
2372293
2372284
2372176
2372148
2372091
2372055
2372046
2372037
2372018
2371995
2371967
2371965
2371922
2371865
2371836
2371815
2371798
2371780
2371691
2371675
2371670
2371647
2371632
2371612
2371528
2371520
2371482
2371467
2371456
2371440
2371420
2371402
2371386
2371268
2371249
2371220
2371186
2371169
2371139
2371137
2371119
2371106
2371079
2371032
2371031
2371023
2371004
2370923
2370884
2370877
2370845
2370819
2370783
2370758
2370727
2370711
2370710
2370667
2370660
2370659
2370647
2370620
2370508
2370381
2370359
2370344
2370342
2370332
2370247
2370240
2370218
2370216
2370212
2370203
2370145
2370107
2370040
2370023
2370001
2369968
2369966
2369959
2369919
2369860
2369845
2369783
2369771
2369749
2369718
2369591
2369524
2369480
2369464
2369450
2369441
2369402
2369287
2369277
2369270
2369219
2369174
2369147
2369089
2369028
2369004
2368944
2368925
2368914
2368907
2368889
2368853
2368848
2368834
2368813
2368737
2368734
2368714
2368671
2368661
2368621
2368610
2368563
2368507
2368459
2368444
2368435
2368434
2368426
2368415
2368390
2368310
2368304
2368196
2368195
2368179
2368165
2368162
2368057
2368054
2367842
2367819
2367813
2367771
2367745
2367710
2367662
2367636
2367634
2367608
2367595
2367556
2367545
2367523
2367512
2367511
2367488
2367448
2367433
2367409
2367351
2367331
2367303
2367293
2367272
2367256
2367250
2367226
2367186
2367152
2367136
2367127
2367120
2367068
2367060
2367018
2366975
2366961
2366946
2366945
2366880
2366872
2366852
2366850
2366845
2366841
2366813
2366746
2366734
2366722
2366660
2366640
2366624
2366619
2366617
2366573
2366567
2366520
2366433
2366422
2366353
2366300
2366235
2366230
2366211
2366201
2366156
2366052
2366038
2366037
2366017
2365964
2365905
2365890
2365888
2365881
2365847
2365840
2365821
2365787
2365771
2365761
2365712
2365600
2365586
2365556
2365524
2365517
2365507
2365505
2365471
2365446
2365347
2365318
2365285
2365207
2365191
2365164
2365163
2365148
2365064
2365044
2365030
2365002
2364999
2364866
2364853
2364811
2364774
2364766
2364719
2364637
2364603
2364568
2364543
2364540
2364515
2364504
2364484
2364448
2364444
2364424
2364386
2364372
2364318
2364253
2364244
2364208
2364202
2364130
2364099
2364097
2364024
2364005
2363979
2363971
2363909
2363861
2363848
2363820
2363819
2363818
2363815
2363812
2363811
2363804
2363682
2363668
2363601
2363594
2363530
2363495
2363486
2363436
2363425
2363417
2363402
2363392
2363386
2363350
2363343
2363299
2363292
2363273
2363272
2363267
2363247
2363038
2363035
2363026
2363024
2362972
2362957
2362928
2362815
2362804
2362800
2362763
2362724
2362696
2362620
2362606
2362554
2362553
2362530
2362525
2362473
2362446
2362418
2362394
2362392
2362379
2362334
2362323
2362262
2362196
2362161
2362106
2362093
2362048
2361973
2361930
2361883
2361867
2361824
2361821
2361813
2361800
2361674
2361653
2361603
2361576
2361561
2361555
2361553
2361552
2361550
2361529
2361504
2361492
2361415
2361398
2361391
2361385
2361383
2361344
2361232
2361220
2361186
2361109
2361103
2361100
2361091
2361067
2361053
2360947
2360910
2360869
2360784
2360774
2360763
2360725
2360679
2360647
2360637
2360562
2360559
2360502
2360497
2360464
2360443
2360436
2360409
2360407
2360381
2360357
2360320
2360314
2360299
2360290
2360263
2360221
2360211
2360206
2360194
2360145
2360057
2359982
2359950
2359938
2359911
2359887
2359843
2359809
2359753
2359741
2359576
2359569
2359424
2359414
2359404
2359384
2359349
2359340
2359242
2359221
2359215
2359181
2359172
2359073
2359062
2359049
2359038
2359012
2359002
2358997
2358936
2358926
2358914
2358897
2358851
2358799
2358790
2358778
2358758
2358666
2358663
2358662
2358659
2358650
2358622
2358614
2358535
2358498
2358486
2358453
2358434
2358430
2358354
2358350
2358221
2358192
2357996
2357995
2357994
2357991
2357938
2357815
2357802
2357776
2357749
2357732
2357723
2357696
2357693
2357667
2357646
2357632
2357613
2357609
2357573
2357556
2357457
2357329
2357191
2357190
2357149
2357063
2356999
2356920
2356904
2356877
2356836
2356811
2356804
2356762
2356713
2356701
2356624
2356619
2356554
2356473
2356466
2356431
2356338
2356330
2356322
2356259
2356153
2356116
2356084
2356069
2356036
2355985
2355964
2355950
2355944
2355913
2355910
2355865
2355811
2355780
2355727
2355679
2355612
2355607
2355604
2355582
2355579
2355565
2355561
2355547
2355535
2355519
2355511
2355465
2355409
2355391
2355348
2355347
2355329
2355312
2355304
2355278
2355266
2355263
2355256
2355249
2355172
2355121
2355029
2354939
2354847
2354835
2354821
2354796
2354782
2354779
2354681
2354589
2354569
2354557
2354523
2354516
2354515
2354497
2354494
2354475
2354471
2354435
2354382
2354373
2354357
2354353
2354285
2354098
2354091
2354073
2354036
2354029
2353983
2353969
2353948
2353942
2353922
2353822
2353801
2353781
2353760
2353702
2353644
2353595
2353581
2353558
2353527
2353514
2353510
2353501
2353490
2353477
2353468
2353465
2353457
2353404
2353398
2353381
2353356
2353237
2353197
2353191
2353113
2353062
2353034
2353016
2353001
2352998
2352946
2352906
2352886
2352844
2352786
2352783
2352782
2352757
2352752
2352743
2352717
2352644
2352588
2352582
2352573
2352572
2352547
2352502
2352484
2352450
2352435
2352433
2352358
2352355
2352286
2352271
2352170
2352130
2352122
2352119
2352028
2351991
2351971
2351969
2351950
2351907
2351887
2351872
2351824
2351820
2351815
2351814
2351811
2351770
2351698
2351657
2351640
2351550
2351522
2351513
2351477
2351442
2351437
2351390
2351380
2351210
2351205
2351204
2351195
2351186
2351180
2351173
2351140
2351083
2351028
2351024
2350995
2350986
2350958
2350951
2350820
2350764
2350743
2350646
2350616
2350609
2350595
2350539
2350513
2350468
2350435
2350379
2350336
2350325
2350312
2350300
2350284
2350211
2350157
2350150
2350109
2350075
2350002
2349993
2349903
2349888
2349814
2349786
2349769
2349745
2349743
2349742
2349696
2349682
2349664
2349616
2349597
2349591
2349557
2349556
2349551
2349548
2349547
2349509
2349448
2349421
2349414
2349288
2349281
2349275
2349268
2349222
2349206
2349129
2349122
2349054
2349022
2349001
2348963
2348956
2348946
2348882
2348854
2348849
2348841
2348791
2348754
2348730
2348709
2348690
2348603
2348573
2348571
2348556
2348554
2348551
2348541
2348502
2348412
2348407
2348398
2348342
2348318
2348310
2348288
2348277
2348268
2348263
2348256
2348253
2348134
2348065
2348054
2347998
2347869
2347862
2347851
2347824
2347813
2347801
2347733
2347727
2347725
2347660
2347591
2347526
2347508
2347481
2347473
2347413
2347373
2347340
2347332
2347300
2347254
2347245
2347233
2347216
2347131
2347070
2347027
2346970
2346945
2346902
2346869
2346853
2346821
2346815
2346789
2346772
2346765
2346751
2346637
2346631
2346613
2346595
2346513
2346434
2346410
2346390
2346349
2346247
2346243
2346200
2346197
2346157
2346086
2345976
2345947
2345931
2345905
2345848
2345831
2345818
2345765
2345710
2345658
2345642
2345635
2345625
2345623
2345594
2345593
2345562
2345544
2345543
2345532
2345520
2345465
2345386
2345384
2345375
2345168
2345151
2345130
2345110
2345089
2345077
2345068
2344997
2344939
2344922
2344881
2344769
2344729
2344677
2344647
2344635
2344629
2344583
2344528
2344526
2344499
2344455
2344439
2344358
2344348
2344297
2344257
2344234
2344228
2344218
2344193
2344170
2344149
2344110
2344086
2344063
2344055
2343907
2343751
2343727
2343687
2343674
2343670
2343597
2343539
2343526
2343510
2343496
2343433
2343330
2343312
2343283
2343247
2343212
2343194
2343165
2343149
2343137
2343095
2343086
2343060
2343038
2343017
2342959
2342900
2342857
2342762
2342671
2342591
2342584
2342562
2342557
2342550
2342517
2342481
2342480
2342460
2342429
2342372
2342359
2342317
2342285
2342284
2342274
2342237
2342235
2342226
2342220
2342203
2342123
2342016
2342008
2341937
2341928
2341891
2341856
2341802
2341793
2341743
2341726
2341677
2341652
2341651
2341629
2341610
2341577
2341570
2341538
2341401
2341393
2341369
2341368
2341324
2341296
2341254
2341219
2341204
2341172
2341102
2341071
2341068
2341065
2341045
2341039
2340967
2340940
2340912
2340860
2340815
2340814
2340709
2340687
2340686
2340632
2340627
2340622
2340500
2340498
2340494
2340457
2340388
2340385
2340353
2340339
2340219
2340216
2340178
2340173
2340094
2340021
2339981
2339890
2339807
2339803
2339782
2339777
2339770
2339756
2339698
2339641
2339632
2339617
2339561
2339512
2339511
2339493
2339455
2339453
2339367
2339348
2339341
2339336
2339318
2339276
2339262
2339238
2339221
2339172
2339161
2339158
2339140
2339137
2339126
2339089
2339057
2339024
2339022
2339015
2338984
2338955
2338939
2338851
2338833
2338807
2338721
2338677
2338674
2338535
2338522
2338488
2338473
2338441
2338393
2338275
2338267
2338251
2338227
2338191
2338171
2338165
2338148
2338125
2338123
2338103
2338060
2338012
2338009
2337950
2337784
2337777
2337775
2337684
2337628
2337587
2337505
2337501
2337466
2337421
2337414
2337403
2337324
2337303
2337260
2337254
2337205
2337125
2337116
2337103
2337086
2337084
2337079
2337026
2337020
2336958
2336848
2336842
2336811
2336805
2336802
2336773
2336716
2336712
2336693
2336673
2336574
2336560
2336558
2336543
2336540
2336538
2336530
2336523
2336458
2336448
2336406
2336402
2336397
2336257
2336234
2336182
2336147
2336115
2336108
2336077
2336076
2336055
2336045
2336027
2336017
2335936
2335892
2335827
2335823
2335788
2335765
2335707
2335655
2335618
2335589
2335576
2335550
2335531
2335487
2335476
2335451
2335388
2335375
2335354
2335241
2335189
2335178
2335118
2335104
2335060
2335002
2334964
2334958
2334936
2334929
2334928
2334891
2334806
2334776
2334734
2334613
2334611
2334602
2334597
2334564
2334543
2334526
2334482
2334422
2334398
2334389
2334375
2334374
2334367
2334355
2334330
2334302
2334270
2334261
2334244
2334236
2334223
2334201
2334171
2334067
2333946
2333902
2333895
2333884
2333871
2333861
2333842
2333827
2333815
2333804
2333800
2333703
2333690
2333618
2333590
2333579
2333573
2333484
2333478
2333443
2333438
2333369
2333301
2333300
2333272
2333171
2333137
2333059
2332921
2332847
2332835
2332785
2332750
2332745
2332720
2332715
2332614
2332607
2332586
2332583
2332540
2332528
2332513
2332458
2332418
2332339
2332334
2332327
2332157
2332109
2331992
2331954
2331948
2331890
2331781
2331774
2331721
2331684
2331647
2331644
2331620
2331569
2331525
2331519
2331500
2331395
2331382
2331291
2331267
2331257
2331254
2331238
2331196
2331177
2331118
2331117
2331108
2331072
2331066
2331063
2331051
2331050
2330952
2330843
2330800
2330764
2330762
2330759
2330693
2330686
2330673
2330660
2330619
2330563
2330531
2330505
2330481
2330479
2330389
2330381
2330356
2330218
2330214
2330194
2330184
2330173
2330171
2330159
2330067
2330053
2330002
2329997
2329942
2329912
2329892
2329885
2329879
2329851
2329840
2329779
2329752
2329720
2329709
2329691
2329676
2329647
2329590
2329565
2329537
2329456
2329428
2329426
2329347
2329335
2329309
2329292
2329275
2329206
2329146
2329129
2329102
2328987
2328975
2328960
2328916
2328890
2328885
2328869
2328852
2328838
2328823
2328811
2328804
2328764
2328746
2328733
2328720
2328709
2328633
2328591
2328568
2328461
2328436
2328347
2328274
2328158
2328107
2328105
2328090
2328085
2328062
2328037
2328028
2328011
2327968
2327755
2327736
2327725
2327657
2327653
2327640
2327581
2327579
2327540
2327519
2327453
2327418
2327415
2327364
2327357
2327348
2327346
2327333
2327325
2327286
2327260
2327243
2327186
2327167
2327076
2327030
2326960
2326926
2326904
2326860
2326842
2326822
2326814
2326801
2326800
2326727
2326677
2326623
2326613
2326608
2326602
2326587
2326579
2326569
2326545
2326497
2326452
2326335
2326326
2326242
2326241
2326204
2326167
2326142
2326056
2326052
2326044
2326015
2325970
2325910
2325838
2325767
2325699
2325690
2325645
2325642
2325623
2325613
2325567
2325561
2325536
2325500
2325492
2325442
2325434
2325431
2325387
2325354
2325266
2325178
2325166
2325037
2324993
2324981
2324961
2324950
2324946
2324943
2324942
2324914
2324908
2324808
2324783
2324645
2324642
2324635
2324627
2324569
2324546
2324536
2324518
2324493
2324478
2324476
2324418
2324410
2324405
2324403
2324371
2324355
2324236
2324234
2324232
2324193
2324192
2324151
2324116
2324106
2324083
2324062
2324053
2323947
2323945
2323916
2323880
2323850
2323804
2323802
2323746
2323734
2323699
2323635
2323629
2323585
2323551
2323545
2323473
2323470
2323429
2323367
2323342
2323306
2323280
2323250
2323242
2323208
2323139
2323054
2322940
2322905
2322897
2322883
2322864
2322848
2322792
2322781
2322772
2322764
2322745
2322712
2322707
2322634
2322607
2322523
2322516
2322492
2322427
2322354
2322293
2322281
2322259
2322231
2322220
2322200
2322176
2322173
2322106
2322100
2322093
2322086
2322045
2322034
2322018
2321977
2321901
2321841
2321821
2321819
2321730
2321676
2321671
2321661
2321557
2321544
2321511
2321507
2321501
2321342
2321295
2321237
2321208
2321145
2321114
2321113
2321109
2321059
2320984
2320932
2320878
2320868
2320836
2320795
2320765
2320708
2320693
2320691
2320689
2320655
2320636
2320581
2320543
2320542
2320517
2320476
2320460
2320410
2320384
2320335
2320130
2320118
2320102
2320097
2319894
2319884
2319880
2319875
2319848
2319825
2319779
2319764
2319745
2319741
2319723
2319626
2319590
2319521
2319382
2319357
2319347
2319336
2319335
2319334
2319320
2319295
2319239
2319137
2319055
2319038
2318999
2318965
2318961
2318934
2318892
2318890
2318887
2318876
2318872
2318850
2318783
2318754
2318692
2318635
2318586
2318515
2318441
2318432
2318384
2318379
2318372
2318369
2318364
2318308
2318166
2318154
2318152
2318115
2318093
2318049
2318030
2317995
2317985
2317981
2317971
2317892
2317863
2317786
2317705
2317661
2317644
2317636
2317627
2317615
2317573
2317523
2317502
2317457
2317433
2317387
2317373
2317353
2317314
2317283
2317263
2317257
2317216
2317153
2317093
2317067
2317003
2317002
2316980
2316968
2316952
2316886
2316873
2316809
2316789
2316735
2316723
2316688
2316635
2316592
2316506
2316488
2316480
2316469
2316450
2316441
2316429
2316395
2316349
2316274
2316242
2316222
2316215
2316174
2316170
2316169
2316162
2316137
2316133
2316120
2316083
2316075
2316054
2316053
2316038
2316030
2315991
2315977
2315921
2315889
2315875
2315872
2315773
2315763
2315718
2315716
2315606
2315589
2315539
2315468
2315458
2315447
2315441
2315393
2315374
2315371
2315354
